# MLang delay automation session v1
# elapsed_us keycode
# 32=Space 122/120=cutoff-down/up 99/118=resonance-down/up
# 108=lowpass 98=bandpass 104=highpass 110/109=dry-wet-down/up
# 97/115=feedback-down/up 100=reset-loop 113=quit; uppercase keycodes are also valid
1787936 32
3633922 32
4876190 32
6826666 32
7836734 32
10913378 32
17542675 122
17809705 122
18088344 122
18332154 122
18645623 122
19017142 120
19202902 120
19400272 120
19597641 120
19795011 120
20003990 120
20189750 120
20410340 120
20654149 120
21106938 120
21327528 120
21559727 120
21815147 120
22082176 120
22349206 120
22651065 120
22906485 120
23115464 120
23486984 122
23707573 122
25286530 98
25716099 122
25983129 122
26226938 122
26726167 122
27097687 122
27492426 122
28061315 122
28815963 122
30952199 120
31161179 120
31370158 120
31590748 120
31799727 120
32031927 120
32287346 120
33912743 122
36583038 110
37000997 110
37035827 110
37070657 110
37093877 110
37128707 110
37163537 110
37198367 110
37233197 110
37268027 110
37302857 110
37337687 110
37372517 110
37407346 110
37430566 110
37465396 110
37500226 110
37535056 110
37569886 110
37604716 110
37639546 110
37662766 110
37697596 110
37732426 110
37825306 109
38243265 109
38278095 109
38312925 109
38347755 109
38382585 109
38417414 109
38452244 109
38487074 109
38521904 109
38556734 109
38579954 109
38614784 109
38649614 109
38684444 109
38719274 109
38754104 109
38788934 109
38823764 109
38846984 109
38881814 109
38916643 109
38951473 109
38986303 109
39021133 109
39055963 109
39090793 109
39114013 109
39148843 109
39183673 109
39415873 120
39659682 120
39880272 120
40205351 122
40623310 122
41099319 122
41563718 122
42051337 122
42504126 122
43154285 122
45278911 115
45476281 115
45650430 115
45847800 115
46033560 115
46451519 115
46486349 115
46521179 115
46556009 115
46590839 115
46625668 115
46660498 115
46695328 115
46730158 115
46764988 115
46788208 115
46823038 115
46857868 115
47658956 122
47937596 122
48262675 122
48703854 122
50143492 97
50561451 97
50596281 97
50631111 97
51002630 97
51246439 97
53696145 99
53928344 99
54137324 99
54369523 99
54497233 118
54915192 118
54950022 118
54984852 118
55008072 118
55042902 118
55077732 118
55112562 118
55147392 118
55182222 118
55217052 118
55251882 118
55286712 118
55542131 118
56157460 99
56552199 99
56923718 99
57190748 115
57388117 115
57585487 115
57794467 115
57991836 115
58398185 99
58630385 99
58816145 99
59013514 99
59245714 99
60987210 120
61196190 120
61393560 120
61602539 120
61799909 120
62020498 120
62275918 120
62531337 120
62775147 120
62995736 120
63227936 120
63471746 120
63750385 122
63947755 122
64203174 122
64446984 122
64667573 122
64934603 122
65155192 118
65375782 118
65584761 118
65805351 118
66002721 118
66362630 122
66641269 122
66966349 122
67256598 122
67697777 122
67767437 99
68197006 99
68405986 99
68591746 99
68789115 99
68998095 99
69253514 99
69497324 99
69706303 99
69880453 118
70089433 118
70298412 118
70507392 118
70716371 118
70925351 118
71134331 118
71354920 118
71529070 120
71761269 120
72005079 120
72260498 120
72515918 120
72748117 120
72957097 120
75093333 113
